Time_min	Drawdown_m
1	0.00374104
2	0.00124702
3	0.00374105
4	0.00498807
5	0.00374105
6	0.00498807
7	0.00498807
8 0.00498807
9 0.00498807
10 0.0074821
11 0.0074821
12 0.00997613
13 0.0074821
14 0.00997613
15 0.00997613
16 0.00997613
17 0.00997613
18 0.01247016
19 0.00997613
20 0.01247016
21 0.01496419
22 0.01496419
23 0.01496419
24 0.01247016
25 0.01496419
26 0.01496419
27 0.01745822
28 0.01496419
29 0.01745822
30 0.01995225
31 0.01745822
32 0.01995225
33 0.01995225
34 0.01745822
35 0.01995225
36 0.01995225
37 0.01995225
38 0.02244628
39 0.01995225
40 0.0236933
41 0.02244628
42 0.02244628
43 0.0236933
44 0.0236933
45 0.0236933
46 0.0236933
47 0.02618733
48 0.02618733
49 0.02618733
50 0.02494031
51 0.02618733
52 0.02618733
53 0.02992837
54 0.03117539
55 0.02868136
56 0.02868136
57 0.03117539
58 0.03117539
59 0.03117539
60 0.03366942
61 0.03366942
62	0.03366942
63	0.03366942
64	0.03865748
65	0.03366942
66	0.03616345
67	0.03616345
68	0.03616345
69	0.03865748
70	0.03616345
71	0.03865748
72	0.0399045
73	0.0399045
74	0.04115151
75	0.04239853
76	0.0399045
77	0.0399045
78	0.04239853
79	0.04489256
80	0.04239853
81	0.04239853
82	0.11223138
83	0.11223138
84	0.00748209
85	-0.01745822
86	-0.02992837
87	-0.03616345
88	-0.0399045
89	-0.04239853
90	-0.04489256
91	-0.04738659
92	-0.04988062
93	-0.05237465
94	-0.05237465
95	-0.05362167
96	-0.05362167
97	-0.0561157
98	-0.05860973
99	-0.05860973
100	-0.0561157
101	-0.05860973
102	-0.05860973
103	-0.02494031
104	0.46014868
105	1.04624591
106	1.28442585
107	1.45776099
108	1.55253416
109	1.56874536
110	1.63982524
111	1.67349466
112	1.69469392
113	1.7333514
114	1.73833946
115	1.7745029
116	1.7495626
117	1.80817232
118	1.80193724
119	1.82687755
120	1.84558278
121	1.86802906
122	1.87551115
123	1.89671041
124	1.92414475
125	1.91666266
126	1.94659103
127	1.95781417
128	1.96529626
129	1.99397761
130	2.01018881
131	2.00395374
132	2.01018881
133	2.04011718
134	2.04011718
135	2.05632838
136	2.05882241
137	2.08126869
138	2.10246795
139	2.09124481
140	2.13489035
141	2.11867915
142	2.14361946
143	2.13738438
144	2.14112543
145	2.13738438
146	2.1548426
147	2.16855977
148	2.18975903
149	2.15110155
150	2.21469934
151	2.21719337
152	2.21719337
153	2.22716949
154	2.22841651
155	2.22218143
156	2.23839263
157	2.25335682
158	2.2521098
159	2.25834488
160	2.24462771
161	2.29076728
162	2.29076728
163	2.30199042
164	2.30199042
165	2.31196654
166	2.30947251
167	2.32194266
168	2.31944863
169	2.32318968
170	2.34688297
171	2.35311805
172	2.35810611
173	2.36434119
174	2.35062402
175	2.36060014
176	2.37556432
177	2.39177552
178	2.38803448
179	2.36932925
180	2.38304642
181	2.41297479
182	2.40175165
183	2.42544494
184	2.41297479
185	2.42918599
186	2.43168002
187	2.43168002
188	2.44539719
189	2.45287928
190	2.43168002
191	2.44415017
192	2.4628554
193	2.49028974
194	2.50151288
195	2.48530168
196	2.44913823
197	2.50774796
198	2.48779571
199	2.52021811
200	2.52271214
201	2.50400691
202	2.50026586
203	2.50650094
204	2.73595177
205	4.18373665
206	5.29981543
207	6.13032768
208	6.78750479
209	7.26885274
210	7.70156708
211	8.01768548
212	8.28392327
213	8.54704352
214	8.74407195
215	8.94172389
216	9.08138961
217	9.23726654
218	9.34949792
219	9.47544648
220	9.55089091
221	9.65376968
222	9.74791934
223	9.80528205
224	9.90379627
225	9.94744181
226	10.00916907
227	10.07588439
228	10.12202396
229	10.16754002
230	10.23612587
231	10.27228932
232	10.31094679
233	10.37142704
234	10.41943713
235	10.45560058
236	10.47617633
237	10.5304215
238	10.55099726
239	10.59963086
240	10.61584206
241	10.66884021
242	10.6756988
243	10.72183837
244	10.79291824
245	10.85028095
246	10.90514963
247	10.96251234
248	11.02611012
249	11.05853252
250	11.0809788
251	11.13834151
252	11.16826988
253	11.18697511
254	11.2025628
255	11.22126803
256	11.2511964
257	11.26990163
258	11.27426619
259	11.30855911
260	11.32913486
261	11.34784009
262	11.37340391
263	11.4126849
264	11.40270877
265	11.44635431
266	11.46256551
267	11.50621105
268	11.51992822
269	11.5267868
270	11.55422114
271	11.57791444
272	11.58040847
273	11.58976108
274	11.62904207
275	11.62155997
276	11.64026521
277	11.67019357
278	11.67705216
279	11.70947456
280	11.70012194
281	11.74189696
282	11.74439099
283	11.76995481
284	11.80674176
285	11.80674176
286	11.83168207
287	11.84352871
288	11.85724588
289	11.84976379
290	11.86410447
291	11.91834964
292	11.91897315
293	11.94204293
294	11.95139555
295	11.94703099
296	11.95887764
297	11.96324219
298	11.99504109
299	12.02746349
300	12.04180416
301	12.04803924
302	12.06736798
303	12.06487395
304	12.08732022
305	13.68474695
306	14.84571828
307	15.7865914
308	16.5566234
309	17.23874082
310	17.81610895
311	18.32489123
312	18.78067536
313	19.16974416
314	19.5450958
315	19.85622614
316	20.11747586
317	20.37623156
318	20.61004694
319	20.83700375
320	21.01719747
321	21.1980147
322	21.39441963
323	21.54780252
324	21.69245631
325	21.81216979
326	21.98114037
327	22.10023034
328	22.20248561
329	22.31970505
330	22.38891441
331	22.4936637
332	22.58095478
333	22.66512832
334	22.74119626
335	22.83035786
336	22.87337989
337	22.92637804
338	22.98623478
339	23.0523266
340	23.09410161
341	23.14647626
342	23.206333
343	23.25184906
344	23.28364795
345	23.32978752
346	23.39151478
347	23.43516032
348	23.46758272
349	23.52868648
350	23.57046149
351	23.60911897
352	23.62533017
353	23.67583429
354	23.70139811
355	23.74005559
356	23.76998396
357	23.78619516
358	23.82921719
359	23.87722728
360	23.90528513
361	23.93708402
362	23.98821165
363	24.03809227
364	24.08859639
365	24.15032365
366	24.22576808
367	24.26941362
368	24.31555319
369	24.36356329
370	24.41406741
371	24.42092599
372	24.45771295
373	24.47143012
374	24.48514729
375	24.50821707
376	24.53814544
377	24.56308575
378	24.60236673
379	24.62543652
380	24.63665966
381	24.69152833
382	24.69402237
383	24.71522163
384	24.76510224
385	24.76323172
386	24.785678
387	24.80001867
388	24.85738138
389	24.85239332
390	24.88232169
391	24.89354483
392	24.89603886
393	24.90539147
394	24.90975603
395	24.9234732
396	24.9396844
397	24.95776612
398	24.94654298
399	24.96026015
400	24.97148329
401	25.00827024
402	25.00827024
403	24.99891763
404	25.01076428
405	25.01325831
406	24.9721068
407	24.99517658
408	25.02011689
409	25.01575234
410	25.01076428
411	25.01076428
412	25.03882212
413	25.03383406
414	24.99704711
415	25.04318668
416	25.05939788
417	25.07311505
418	25.04755123
419	25.08433818
420	25.07062101
421	25.11177252
422	25.13047775
423	25.1261132
424	25.14668895
425	25.15354754
426	25.18098188
427	25.20841622
428	25.18784046
429	25.2152748
430	25.22026286
431	25.22712145
432	25.25206175
433	25.27762557
434	25.28635468
435	25.30256588
436	25.30942446
437	25.32812969
438	25.31690656
439	25.35556403
440	25.37364576
441	25.40357413
442	25.42414988
443	25.43786705
444	25.42664391
445	25.48151259
446	25.50458237
447	25.49772379
448	25.50208834
449	25.49710028
450	25.51081745
451	25.51081745
452	25.49460625
453	25.52702865
454	25.53575776
455	25.55009843
456	25.5476044
457	25.58626188
458	25.60247308
459	25.62554287
460	25.61619025
461	25.64113056
462	25.64362459
463	25.65734176
464	25.6853996
465	25.69225819
466	25.70348133
467	25.73715074
468	25.75149142
469	25.71470447
470	25.7496209
471	25.74899739
472	25.76520859
473	25.78141979
474	25.80386607
475	25.79264293
476	25.82007727
477	25.8063601
478	25.79950151
479	25.86372281
480	25.85935825
481	25.84314705
482	25.85686422
483	25.80199554
484	25.67604699
485	25.58688539
486	25.50894693
487	25.45407825
488	25.42913794
489	25.41105622
490	25.37177523
491	25.35119948
492	25.29446028
493	25.28074311
494	25.27513154
495	25.27263751
496	25.28199012
497	25.27139049
498	25.26889646
499	25.26640243
500	25.2801196
501	25.28510766
502	25.30568342
503	25.28697819
504	25.29196625
505	25.30755394
506	25.31690656
507	25.33997634
508	25.32127111
509	25.33062372
510	25.33311776
511	25.35119948
512	25.34932896
513	25.33748231
514	25.32625917
515	25.34932896
516	25.37426926
517	25.33997634
518	25.37364576
519	25.35556403
520	25.35369351
521	25.36055209
522	25.36741068
523	25.37863382
524	25.38112785
525	25.37676329
526	25.39484502
527	25.37239874
528	25.40482114
529	25.4179148
530	25.42477339
531	25.43163197
532	25.434126
533	25.45657228
534	25.42726742
535	25.44285511
536	25.46841893
537	25.47091296
538	25.48712416
539	25.49398274
540	25.53014619
541	25.52827566
542	25.55571
543	25.56007456
544	25.57628576
545	25.60808465
546	25.60621413
547	25.62180182
548	25.6448716
549	25.6610828
550	25.64050705
551	25.66544736
552	25.66544736
553	25.6610828
554	25.67978804
555	25.65671825
556	25.66357684
557	25.66357684
558	25.65671825
559	25.6361425
560	25.67292945
561	25.65921228
562	25.69537573
563	25.6935052
564	25.71595148
565	25.72093954
566	25.70472834
567	25.72093954
568	25.7253041
569	25.74400933
570	25.74837388
571	25.76894964
572	25.75523247
573	25.76707911
574	25.76894964
575	25.7739377
576	25.80074853
577	25.77331419
578	25.78516084
579	25.78952539
580	25.80137204
581	25.81072465
582	25.82880638
583	25.83317093
584	25.84938213
585	25.85624071
586	25.85624071
587	25.88866311
588	25.89053364
589	25.90923887
590	25.9117329
591	25.95039038
592	25.95288441
593	25.96660158
594	25.98031875
595	26.01274115
596	26.0171057
597	26.0333169
598	26.03518742
599	26.04890459
600	26.0738449
601	26.05326915
602	26.08319752
603	26.07883296
604	26.09878521
605	26.10127924
606	26.13806619
607	26.20914607
608	26.28022595
609	26.36471124
610	26.44732601
611	26.4906598
612	26.52962903
613	26.56891001
614	26.628455
615	26.61910238
616	26.63281955
617	26.65526583
618	26.65994214
619	26.66212441
620	26.66929475
621	26.65588934
622	26.65838337
623	26.65588934
624	26.67646509
625	26.66929475
626	26.67147703
627	26.66243617
628	26.68082964
629	26.67646509
630	26.69236454
631	26.68332367
632	26.66056564
633	26.67178878
634	26.65588934
635	26.65152478
636	26.67428281
637	26.69267629
638	26.68082964
639	26.70171715
640	26.6811414
641	26.6973526
642	26.6973526
643	26.70389943
644	26.74536269
645	26.72447518
646	26.75658583
647	26.75907986
648	26.76344441
649	26.80241365
650	26.76126214
651	26.75907986
652	26.78402017
653	26.77061475
654	26.80023137
655	26.79337278
656	26.80490768
657	26.79773734
658	26.82984798
659	26.85977635
660	26.84605918
661	26.82984798
662	26.84107112
663	26.85042374
664	26.84605918
665	26.85478829
666	26.85291777
667	26.88222263
668	26.87099949
669	26.85728232
670	26.88004035
671	26.90778645
672	26.88253438
673	26.91433328
674	26.89874558
675	26.90092786
676	26.92617992
677	26.93553254
678	26.91028048
679	26.92617992
680	26.95143198
681	26.95392602
682	26.93771482
683	26.93771482
684	26.95579654
685	26.94893795
686	26.95361426
687	26.97200774
688	26.99258349
689	26.98790719
690	26.99476577
691	26.97419002
692	27.00598891
693	26.98323088
694	27.01534152
695	27.00380663
696	27.04745217
697	27.04526989
698	27.05212848
699	27.03404675
700	27.04308762
701	27.03841131
702	27.05711654
703	27.05680479
704	27.06802792
705	27.05181672
706	27.04526989
707	27.07519826
708	27.05462251
709	27.08423912
710	27.05431076
711	27.05867531
712	27.1026326
713	27.11167346
714	27.08891543
715	27.1026326
716	27.13723728
717	27.10543839
718	27.13224922
719	27.14191359
720	27.14191359
721	27.17121845
722	27.23076343
723	27.297167
724	27.31306645
725	27.3613883
726	27.37292319
727	27.40503384
728	27.43714448
729	27.42560959
730	27.44400307
731	27.42529784
732	27.439015
733	27.4552262
734	27.41843925
735	27.43465045
736	27.42997414
737	27.43932676
738	27.44182079
739	27.44150904
740	27.45304393
741	27.45959076
742	27.4505499
743	27.48733685
744	27.46925513
745	27.47361968
746	27.48920737
747	27.49637771
748	27.51258891
749	27.53067064
750	27.51040664
751	27.52412381
752	27.53067064
753	27.54251728
754	27.56963987
755	27.57868073
756	27.58803334
757	27.57182214
758	27.5923979
759	27.58585107
760	27.59925648
761	27.60829734
762	27.61764996
763	27.60424454
764	27.62263802
765	27.62731433
766	27.6045563
767	27.60892085
768	27.62949661
769	27.62014399
770	27.6045563
771	27.61827347
772	27.64321378
773	27.64570781
774	27.64071974
775	27.64539605
776	27.6248203
777	27.65256639
778	27.65256639
779	27.63635519
780	27.66160725
781	27.64071974
782	27.65443691
783	27.67033636
784	27.65880147
785	27.65880147
786	27.66566005
787	27.68623581
788	27.70026473
789	27.69340615
790	27.68904159
791	27.70026473
792	27.72769907
793	27.73237538
794	27.73705168
795	27.7301931
796	27.72333451
797	27.75544516
798	27.73705168
799	27.74391027
800	27.76698005
801	27.77602092
802	27.76230375
803	27.78973808
804	27.79192036
805	27.78724405
806	27.77820319
807	27.81717242
808	27.80345525
809	27.79628492
810	27.82371925
811	27.82839556
812	27.82621328
813	27.81062559
814	27.83805993
815	27.84024221
816	27.84460676
817	27.84928307
818	27.82870732
819	27.85832393
820	27.84211273
821	27.83088959
822	27.84710079
823	27.83993045
824	27.85115359
825	27.84678904
826	27.84897132
827	27.85364762
828	27.84928307
829	27.86050621
830	27.86985882
831	27.86518252
832	27.86767655
833	27.89511089
834	27.88170547
835	27.91350436
836	27.91350436
837	27.92036295
838	27.93158609
839	27.95683815
840	27.9774139
841	27.98676652
842	28.03228258
843	28.05971692
844	28.06439323
845	28.0989979
846	28.10336246
847	28.12393821
848	28.11489735
849	28.10803876
850	28.11489735
851	28.13110855
852	28.12830276
853	28.14233169
854	28.14482572
855	28.1354731
856	28.13796713
857	28.15137255
858	28.1307968
859	28.1354731
860	28.14950203
861	28.147008
862	28.1354731
863	28.13796713
864	28.15854289
865	28.17444233
866	28.18379495
867	28.17226006
868	28.16758375
869	28.18784775
870	28.19034178
871	28.17693636
872	28.17693636
873	28.18597723
874	28.1996944
875	28.21122929
876	28.19034178
877	28.21559384
878	28.2205819
879	28.20686473
880	28.2159056
881	28.2205819
882	28.22962277
883	28.21372332
884	28.23648135
885	28.22276418
886	28.25487483
887	28.22962277
888	28.26173341
889	28.23866363
890	28.26142166
891	28.26142166
892	28.24552221
893	28.25206904
894	28.26360393
895	28.28199741
896	28.28667372
897	28.28012689
898	28.28698547
899	28.27763286
900	28.27513883
901	28.28199741
902	28.30039089
903	28.27545058
904	28.28698547
905	28.31909612
906	28.29820861
907	28.30756123
908	28.30943175
